,55_ALSWR
ACC,0.0
AUC,
HR@10,0.0
HR@2,0.0
HR@5,0.0
Lin's AUC,0.5
NDCGk,
global AUC,0.0362595419847328
global NDCG,0.7211077900796102
prediction time (sec),0.026958703994750977
training time (sec),145.07003808021545
