,88_BNNR
ACC,0.8
AUC,0.5
Fscore,0.538076934260011
HR@10,0.00125
HR@2,0.00025
HR@5,0.000625
Lin's AUC,1.0
NDCGk,0.8917883992896226
global AUC,1.0
global NDCG,1.0
prediction time (sec),0.00617671012878418
training time (sec),461.1869113445282
