,65_ALSWR
ACC,0.8095
AUC,0.7595837796500899
Fscore,0.5962439770839832
HR@10,0.0
HR@2,0.0
HR@5,0.0
Lin's AUC,0.9999875
NDCGk,0.9403137954002432
global AUC,0.9791012408536587
global NDCG,0.9135716296846902
prediction time (sec),0.0060689449310302734
training time (sec),46.481170892715454
